4797750343
4797214001
4797174423
4796005095
4795995232
4793788102
4791050041
4790786287
4790162105
4789392906
4788860701
4786814459
4786498430
4785663288
4777047436
4775210768
4773563234
4772785734
4772428832
4771469476
4770740371
4770324282
4770135900
4769478263
4769308014
4768207376
4767863886
4767361589
4767149106
4766328004
4766267122
4765933491
4765754890
4765280095
4764837660
4764262047
4764023851
4763996402
4763209729
4763103772
4762599757
4761927995
4759597727
4759210722
4755067974
4753890537
4751527831
4750239917
4749330959
4748804323
4747935086
4746645153
4746114918
4745629054
4745127180
4741794740
4741640747
4738551753
4738432109
4738096379
4733434117
4732202900
4731854403
4731095971
4731026241
4730796362
4730030107
4729911142
4729163521
4728685191
4728647217
4727527303
4725410378
4722443724
4721124917
4720376357
4718734184
4717300868
4716006646
4715834909
4715723194
4713408785
4712640440
4711279506
4711001791
4710794022
4710193595
4710146662
4709784440
4709462678
4708174397
4706250511
4705789650
4705206456
4705113867
4704990579
4704977395
4701843724
4699631277
4699443895
